R_E       = 6378.1370; % km
mu_E        = 3.986004418E5; % km^3/s^2
w_E     = 7.2921150E-5; % rad/s
CENTURY    = 36525; % days
JD_2000     = 2451545.0; % JD of 01 January, 2000 12h UTC
f_E         = 1/298.257223563; % []
sec_day = 86400;
